1.000000  0.000000
2.000000  0.000000
3.000000  0.000000
4.000000  0.000000
5.000000  0.000000
6.000000  0.000000
7.000000  0.000000
8.000000  0.000000
9.000000  0.000000
10.000000  0.010092
11.000000  0.038211
12.000000  0.081417
13.000000  0.137125
14.000000  0.203072
15.000000  0.277280
16.000000  0.358020
17.000000  0.443791
18.000000  0.533292
19.000000  0.625395
20.000000  0.719133
21.000000  0.813675
22.000000  0.908313
23.000000  1.002448
24.000000  1.095576
25.000000  1.187274
26.000000  1.277197
27.000000  1.365061
28.000000  1.450639
29.000000  1.533753
30.000000  1.614268
31.000000  1.692085
32.000000  1.767137
33.000000  1.839385
34.000000  1.908814
35.000000  1.975426
36.000000  2.039243
37.000000  2.100299
38.000000  2.158641
39.000000  2.214325
40.000000  2.267415
41.000000  2.317981
42.000000  2.366098
43.000000  2.411844
44.000000  2.455301
45.000000  2.496552
46.000000  2.535681
47.000000  2.572771
48.000000  2.607906
49.000000  2.641169
50.000000  2.672642
51.000000  2.702406
52.000000  2.730539
53.000000  2.757116
54.000000  2.782214
55.000000  2.805903
56.000000  2.828255
57.000000  2.849335
58.000000  2.869209
59.000000  2.887939
60.000000  2.905586
61.000000  2.922206
62.000000  2.937854
63.000000  2.952583
64.000000  2.966442
65.000000  2.979481
66.000000  2.991743
67.000000  3.003273
68.000000  3.014112
69.000000  3.024298
70.000000  3.033870
71.000000  3.042862
72.000000  3.051307
73.000000  3.059238
74.000000  3.066684
75.000000  3.073674
76.000000  3.080235
77.000000  3.086391
78.000000  3.092168
79.000000  3.097587
80.000000  3.102670
81.000000  3.107437
82.000000  3.111908
83.000000  3.116099
84.000000  3.120029
85.000000  3.123712
86.000000  3.127165
87.000000  3.130400
88.000000  3.133432
89.000000  3.136273
90.000000  3.138935
91.000000  3.141428
92.000000  3.143763
93.000000  3.145951
94.000000  3.148000
95.000000  3.149918
96.000000  3.151715
97.000000  3.153397
98.000000  3.154972
99.000000  3.156446
100.000000  3.157827
101.000000  3.159118
102.000000  3.160328
103.000000  3.161460
104.000000  3.162519
105.000000  3.163510
106.000000  3.164438
107.000000  3.165306
108.000000  3.166118
109.000000  3.166877
110.000000  3.167588
111.000000  3.168253
112.000000  3.168876
113.000000  3.169457
114.000000  3.170002
115.000000  3.170511
116.000000  3.170987
117.000000  3.171433
118.000000  3.171849
119.000000  3.172239
120.000000  3.172603
121.000000  3.172944
122.000000  3.173263
123.000000  3.173561
124.000000  3.173839
125.000000  3.174100
126.000000  3.174343
127.000000  3.174571
128.000000  3.174784
129.000000  3.174983
130.000000  3.175169
131.000000  3.175343
132.000000  3.175506
133.000000  3.175658
134.000000  3.175800
135.000000  3.175933
136.000000  3.176057
137.000000  3.176173
138.000000  3.176282
139.000000  3.176383
140.000000  3.176478
141.000000  3.176567
142.000000  3.176650
143.000000  3.176727
144.000000  3.176800
145.000000  3.176867
146.000000  3.176930
147.000000  3.176989
148.000000  3.177045
149.000000  3.177096
150.000000  3.177144
151.000000  3.177190
152.000000  3.177232
153.000000  3.177271
154.000000  3.177308
155.000000  3.177342
156.000000  3.177374
157.000000  3.177404
158.000000  3.177432
159.000000  3.177459
160.000000  3.177483
161.000000  3.177506
162.000000  3.177527
163.000000  3.177547
164.000000  3.177566
165.000000  3.177583
166.000000  3.177600
167.000000  3.177615
168.000000  3.177629
169.000000  3.177643
170.000000  3.177655
